Webots Project File version R2023b
perspectives: 000000ff00000000fd000000020000000100000317000005dffc0200000001fb0000001400540065007800740045006400690074006f00720100000016000005df0000008800ffffff0000000300000f000000023efc0100000001fb0000001a0043006f006e0073006f006c00650041006c006c0041006c006c010000000000000f000000006900ffffff00000be7000005df00000001000000020000000100000008fc00000000
simulationViewPerspectives: 000000ff0000000100000002000001b30000072d0100000002010000000100
sceneTreePerspectives: 000000ff00000001000000030000001c000000c0000001b60100000002010000000200
maximizedDockId: -1
centralWidgetVisible: 1
orthographicViewHeight: 1
textFiles: 0 "controllers/supervisor_controller/supervisor_controller.py"
consoles: Console:All:All
renderingDevicePerspectives: shadow:camera_360_1;1;0.447917;0;0
renderingDevicePerspectives: shadow:camera_360_2;1;0.447917;0;0
