Webots Project File version R2023b
perspectives: 000000ff00000000fd0000000200000001000003170000054ffc0200000001fb0000001400540065007800740045006400690074006f007201000000160000054f0000008800ffffff0000000300000a00000000b0fc0100000001fb0000001a0043006f006e0073006f006c00650041006c006c0041006c006c0300000002000004cd000009fe000000b0000006e70000054f00000001000000020000000100000008fc00000000
simulationViewPerspectives: 000000ff0000000100000002000001b30000072d0100000002010000000100
sceneTreePerspectives: 000000ff00000001000000030000001c000000c0000001b60100000002010000000200
maximizedDockId: -1
centralWidgetVisible: 1
orthographicViewHeight: 1
textFiles: 0 "../../../../robocomp_ws/src/robocomp/components/proceduralRoomGeneration/webots/controllers/supervisor_controller/supervisor_controller.py"
consoles: Console:All:All
renderingDevicePerspectives: shadow:camera_360_1;1;0.447917;0;0
renderingDevicePerspectives: shadow:camera_360_2;1;0.447917;0;0
